/*---------------------------------------------------------------------------*\
| =========                 |                                                 |
| \\      /  F ield         | OpenFOAM: The Open Source CFD Toolbox           |
|  \\    /   O peration     | Version:  2106                                  |
|   \\  /    A nd           | Website:  www.openfoam.com                      |
|    \\/     M anipulation  |                                                 |
\*---------------------------------------------------------------------------*/
Build  : _40a7d5d6-20210727 OPENFOAM=2106 patch=211215
Arch   : "LSB;label=32;scalar=64"
Exec   : compare_POD -parallel
Date   : Aug 05 2025
Time   : 09:02:49
Host   : LS-PF4RTR07
PID    : 2415477
I/O    : uncollated
Case   : /home/fregnault/Code/ITHACA-FV/tutorials/CFD/01bisPODCompare
nProcs : 4
Hosts  :
(
    (LS-PF4RTR07 4)
)
Pstream initialized with:
    floatTransfer      : 0
    nProcsSimpleSum    : 0
    commsType          : nonBlocking
    polling iterations : 0
trapFpe: Floating point exception trapping enabled (FOAM_SIGFPE).
fileModificationChecking : Monitoring run-time modified files using timeStampMaster (fileModificationSkew 5, maxFileModificationPolls 20)
allowSystemOperations : Allowing user-supplied system call operations

// * * * * * * * * * * * * * * * * * * * * * * * * * * * * * * * * * * * * * //
Create time

Create mesh for time = 1001

POD don't exist, performing a POD decomposition
nSnapshots =41
nSnapshots =41
nSnapshots =41
nSnapshots =41
startTime: 1
endTime: 41
nSnapshots: 41

Reading snapshot 1 for field U
Reading snapshot 2 for field U
Reading snapshot 3 for field U
Reading snapshot 4 for field U
Reading snapshot 5 for field U
Reading snapshot 6 for field U
Reading snapshot 7 for field U
Reading snapshot 8 for field U
Reading snapshot 9 for field U
Reading snapshot 10 for field U
Reading snapshot 11 for field U
Reading snapshot 12 for field U
Reading snapshot 13 for field U
Reading snapshot 14 for field U
Reading snapshot 15 for field U
Reading snapshot 16 for field U
Reading snapshot 17 for field U
Reading snapshot 18 for field U
Reading snapshot 19 for field U
Reading snapshot 20 for field U
Reading snapshot 21 for field U
Reading snapshot 22 for field U
Reading snapshot 23 for field U
Reading snapshot 24 for field U
Reading snapshot 25 for field U
Reading snapshot 26 for field U
Reading snapshot 27 for field U
Reading snapshot 28 for field U
Reading snapshot 29 for field U
Reading snapshot 30 for field U
Reading snapshot 31 for field U
Reading snapshot 32 for field U
Reading snapshot 33 for field U
Reading snapshot 34 for field U
Reading snapshot 35 for field U
Reading snapshot 36 for field U
Reading snapshot 37 for field U
Reading snapshot 38 for field U
Reading snapshot 39 for field U
Reading snapshot 40 for field U
Reading snapshot 41 for field U
1 before
1 before
1 before
0 before
0 before
0 before
Entering PODParameters 01--> FOAM Warning : 
    From static bool Foam::UPstream::init(int&, char**&, bool)
    in file UPstream.C at line 219
    MPI was already initialized - cannot perform MPI_Init
This could indicate an application programming error!
/*---------------------------------------------------------------------------*\
| =========                 |                                                 |
| \\      /  F ield         | OpenFOAM: The Open Source CFD Toolbox           |
|  \\    /   O peration     | Version:  2106                                  |
|   \\  /    A nd           | Website:  www.openfoam.com                      |
|    \\/     M anipulation  |                                                 |
\*---------------------------------------------------------------------------*/
Build  : _40a7d5d6-20210727 OPENFOAM=2106 patch=211215
Arch   : "LSB;label=32;scalar=64"
Exec   : compare_POD -parallel
Date   : Aug 05 2025
Time   : 09:03:02
Host   : LS-PF4RTR07
PID    : 2415477
--> FOAM Warning : 
    From Foam::entry* Foam::dictionary::add(Foam::entry*, bool)
    in file db/dictionary/dictionary.C at line 777
    Reading "JobInfo" at line 0 to 6
    Attempt to add entry startDate which already exists in dictionary "JobInfo"
--> FOAM Warning : 
    From Foam::entry* Foam::dictionary::add(Foam::entry*, bool)
    in file db/dictionary/dictionary.C at line 777
    Reading "JobInfo" at line 0 to 6
    Attempt to add entry startTime which already exists in dictionary "JobInfo"
--> FOAM Warning : 
    From Foam::entry* Foam::dictionary::add(Foam::entry*, bool)
    in file db/dictionary/dictionary.C at line 777
    Reading "JobInfo" at line 0 to 6
    Attempt to add entry userName which already exists in dictionary "JobInfo"
--> FOAM Warning : 
    From Foam::entry* Foam::dictionary::add(Foam::entry*, bool)
    in file db/dictionary/dictionary.C at line 777
    Reading "JobInfo" at line 0 to 6
    Attempt to add entry foamVersion which already exists in dictionary "JobInfo"
--> FOAM Warning : 
    From Foam::entry* Foam::dictionary::add(Foam::entry*, bool)
    in file db/dictionary/dictionary.C at line 777
    Reading "JobInfo" at line 0 to 6
    Attempt to add entry code which already exists in dictionary "JobInfo"
--> FOAM Warning : 
    From Foam::entry* Foam::dictionary::add(Foam::entry*, bool)
    in file db/dictionary/dictionary.C at line 777
    Reading "JobInfo" at line 0 to 6
    Attempt to add entry argList which already exists in dictionary "JobInfo"
--> FOAM Warning : 
    From Foam::entry* Foam::dictionary::add(Foam::entry*, bool)
    in file db/dictionary/dictionary.C at line 777
    Reading "JobInfo" at line 0 to 6
    Attempt to add entry currentDir which already exists in dictionary "JobInfo"
--> FOAM Warning : 
    From Foam::entry* Foam::dictionary::add(Foam::entry*, bool)
    in file db/dictionary/dictionary.C at line 777
    Reading "JobInfo" at line 0 to 6
    Attempt to add entry PPID which already exists in dictionary "JobInfo"
--> FOAM Warning : 
    From Foam::entry* Foam::dictionary::add(Foam::entry*, bool)
    in file db/dictionary/dictionary.C at line 777
    Reading "JobInfo" at line 0 to 6
    Attempt to add entry PGID which already exists in dictionary "JobInfo"
--> FOAM Warning : 
    From Foam::entry* Foam::dictionary::add(Foam::entry*, bool)
    in file db/dictionary/dictionary.C at line 777
    Reading "JobInfo" at line 0 to 6
    Attempt to add entry foamBuild which already exists in dictionary "JobInfo"
I/O    : uncollated
3 before
3 before
3 before
2 before
2 before
2 before
Entering PODParameters 11For proc n° 1argv[0] = compare_POD
For proc n° 1argv[1] = -parallel
Entering PODParameters 31For proc n° 3argv[0] = compare_POD
For proc n° 3argv[1] = -parallel
Case   : /home/fregnault/Code/ITHACA-FV/tutorials/CFD/01bisPODCompare
nProcs : 4
Hosts  :
(
    (LS-PF4RTR07 4)
)
Pstream initialized with:
    floatTransfer      : 0
    nProcsSimpleSum    : 0
    commsType          : nonBlocking
    polling iterations : 0
--> FOAM Warning : 
    From Foam::entry* Foam::dictionary::add(Foam::entry*, bool)
    in file db/dictionary/dictionary.C at line 777
    Reading "JobInfo" at line 0 to 6
    Attempt to add entry root which already exists in dictionary "JobInfo"
--> FOAM Warning : 
    From Foam::entry* Foam::dictionary::add(Foam::entry*, bool)
    in file db/dictionary/dictionary.C at line 777
    Reading "JobInfo" at line 0 to 6
    Attempt to add entry case which already exists in dictionary "JobInfo"
--> FOAM Warning : 
    From Foam::entry* Foam::dictionary::add(Foam::entry*, bool)
    in file db/dictionary/dictionary.C at line 777
    Reading "JobInfo" at line 0 to 6
    Attempt to add entry nProcs which already exists in dictionary "JobInfo"
--> FOAM Warning : 
    From Foam::entry* Foam::dictionary::add(Foam::entry*, bool)
    in file db/dictionary/dictionary.C at line 777
    Reading "JobInfo" at line 0 to 6
    Attempt to add entry hosts which already exists in dictionary "JobInfo"
fileModificationChecking : Monitoring run-time modified files using timeStampMaster (fileModificationSkew 5, maxFileModificationPolls 20)
allowSystemOperations : Allowing user-supplied system call operations

// * * * * * * * * * * * * * * * * * * * * * * * * * * * * * * * * * * * * * //
For proc n° 0argv[0] = compare_POD
For proc n° 0argv[1] = -parallel
Entering PODParameters 21For proc n° 2argv[0] = compare_POD
For proc n° 2argv[1] = -parallel
For proc n° 0 : mesh read
For proc n° 1 : mesh read
For proc n° 3 : mesh read
For proc n° 2 : mesh read
Parallel version of casenameData
.//processor0/1For proc n° 0 : parameters loaded
.//processor2/1For proc n° 2 : parameters loaded
.//processor3/1For proc n° 3 : parameters loaded
.//processor1/1For proc n° 1 : parameters loaded
runTimeData
"././/processor0/"
1001
template field U passed
For proc n° 0 : template field initialised
runTimeData in PODParams
1
InitialTime and FinalTime
1001 & 1001.2
For proc n° 0 : start and final time loaded
For proc n° 3 : template field initialised
For proc n° 3 : start and final time loaded
For proc n° 2 : template field initialised
For proc n° 2 : start and final time loaded
For proc n° 1 : template field initialised
For proc n° 1 : start and final time loaded
For proc n° 3 : control and transport loaded
For proc n° 2 : control and transport loaded
For proc n° 3 : get line simulationType
For proc n° 3 : while passed
For proc n° 3 : set simulation passed
For proc n° 3 : no DEIM
Exiting PODParameters 31---------------------------------------------------------
For proc n° 2 : get line simulationType
For proc n° 2 : while passed
For proc n° 2 : set simulation passed
For proc n° 2 : no DEIM
Exiting PODParameters 21---------------------------------------------------------
2 after
2 after
2 after
3 after
3 after
3 after
For proc n° 0 : control and transport loaded
For proc n° 0 : get line simulationType
For proc n° 0 : while passed
For proc n° 0 : set simulation passed
-----------------0---------------------------
Simulation type:"laminar"
DNS simulation will be performed
For proc n° 0 : no DEIM
For proc n° 1 : control and transport loaded
For proc n° 1 : get line simulationType
For proc n° 1 : while passed
For proc n° 1 : set simulation passed
For proc n° 1 : no DEIM
Exiting PODParameters 01---------------------------------------------------------
0 after
0 after
0 after
1
Exiting PODParameters 11---------------------------------------------------------
1 after
1 after
1 after
nSnapshot at PODtemplate instanciation
41
casenameData at PODtemplate instanciation
".//processor0/"
runTime at PODtemplate instanciation

42
(
0	constant
1001	1001
1001	1001.005
1001.01	1001.01
1001.01	1001.015
1001.02	1001.02
1001.02	1001.025
1001.03	1001.03
1001.03	1001.035
1001.04	1001.04
1001.04	1001.045
1001.05	1001.05
1001.05	1001.055
1001.06	1001.06
1001.07	1001.065
1001.07	1001.07
1001.08	1001.075
1001.08	1001.08
1001.09	1001.085
1001.09	1001.09
1001.1	1001.095
1001.1	1001.1
1001.11	1001.105
1001.11	1001.11
1001.12	1001.115
1001.12	1001.12
1001.12	1001.125
1001.13	1001.13
1001.13	1001.135
1001.14	1001.14
1001.14	1001.145
1001.15	1001.15
1001.15	1001.155
1001.16	1001.16
1001.16	1001.165
1001.17	1001.17
1001.17	1001.175
1001.18	1001.18
1001.18	1001.185
1001.19	1001.19
1001.2	1001.195
1001.2	1001.2
)

-------------------------------------------------------------------------------------------
The POD is performing with the following parameters :
Field : U
Number of modes : 4
POD Hilbert space : L2
Weight for the boundary conditions (0 for L2 POD Hilbert space) : 0
Patch for the boundary conditions(inlet by default) used in L2wBC : inlet
start time : 1
End time : 41
Number of snapshots : 41
Number of test snapshots : 1
Number of blocks : 4
Centered datas or not : 0 (1 centered, 0 not centered)
Name of eigensolver used : spectra
Results folder : ITHACAoutput

Inside the buildCovMatrix
looking for covMatrixU_temp_*.npy in ./ITHACAoutput/CovMatrices/
Computing the covariance matrix of the U field
q = 10
r = 1
nSnapshot = 41
nBlocks = 4

casenameData ".//processor0/"
l_startTime 1
i 0
q 10
######### 0 ####### Parallel Reading the Data for U #########
/home/fregnault/Code/ITHACA-FV/tutorials/CFD/01bisPODCompare
".//processor0/"
-1 & 42
First and last snapshot number
-1
12
Proc N=2| At the 1th looking for 1001
Proc N=2| << at .//processor2/
Proc N=3| At the 1th looking for 1001
Proc N=3| << at .//processor3/
Proc N=1| At the 1th looking for 1001
Proc N=1| << at .//processor1/
Proc N=0| At the 1th looking for 1001
Proc N=0| << at .//processor0/
0 This should not be constant :1001
Proc N=1| At the 2th looking for 1001.005
Proc N=1| << at .//processor1/
Proc N=2| At the 2th looking for 1001.005
Proc N=2| << at .//processor2/
Proc N=3| At the 2th looking for 1001.005
Proc N=3| << at .//processor3/
 18% [||||||||||                                                  ]Proc N=0| At the 2th looking for 1001.005
Proc N=0| << at .//processor0/
0 This should not be constant :1001.005
Proc N=1| At the 3th looking for 1001.01
Proc N=1| << at .//processor1/
Proc N=3| At the 3th looking for 1001.01
Proc N=3| << at .//processor3/
Proc N=2| At the 3th looking for 1001.01
Proc N=2| << at .//processor2/
 27% [||||||||||||||||                                            ]Proc N=0| At the 3th looking for 1001.01
Proc N=0| << at .//processor0/
0 This should not be constant :1001.01
Proc N=3| At the 4th looking for 1001.015
Proc N=3| << at .//processor3/
Proc N=1| At the 4th looking for 1001.015
Proc N=1| << at .//processor1/
 36% [|||||||||||||||||||||                                       ]Proc N=0| At the 4th looking for 1001.015
Proc N=0| << at .//processor0/
0 This should not be constant :1001.015
Proc N=2| At the 4th looking for 1001.015
Proc N=2| << at .//processor2/
Proc N=3| At the 5th looking for 1001.02
Proc N=3| << at .//processor3/
Proc N=1| At the 5th looking for 1001.02
Proc N=1| << at .//processor1/
 45% [|||||||||||||||||||||||||||                                 ]Proc N=0| At the 5th looking for 1001.02
Proc N=0| << at .//processor0/
0 This should not be constant :1001.02
Proc N=2| At the 5th looking for 1001.02
Proc N=2| << at .//processor2/
Proc N=3| At the 6th looking for 1001.025
Proc N=3| << at .//processor3/
Proc N=1| At the 6th looking for 1001.025
Proc N=1| << at .//processor1/
 54% [||||||||||||||||||||||||||||||||                            ]Proc N=0| At the 6th looking for 1001.025
Proc N=0| << at .//processor0/
0 This should not be constant :1001.025
Proc N=2| At the 6th looking for 1001.025
Proc N=2| << at .//processor2/
Proc N=3| At the 7th looking for 1001.03
Proc N=3| << at .//processor3/
Proc N=1| At the 7th looking for 1001.03
Proc N=1| << at .//processor1/
 63% [||||||||||||||||||||||||||||||||||||||                      ]Proc N=0| At the 7th looking for 1001.03
Proc N=0| << at .//processor0/
0 This should not be constant :1001.03
Proc N=2| At the 7th looking for 1001.03
Proc N=2| << at .//processor2/
Proc N=3| At the 8th looking for 1001.035
Proc N=3| << at .//processor3/
Proc N=1| At the 8th looking for 1001.035
Proc N=1| << at .//processor1/
 72% [|||||||||||||||||||||||||||||||||||||||||||                 ]Proc N=0| At the 8th looking for 1001.035
Proc N=0| << at .//processor0/
0 This should not be constant :1001.035
Proc N=2| At the 8th looking for 1001.035
Proc N=2| << at .//processor2/
Proc N=3| At the 9th looking for 1001.04
Proc N=3| << at .//processor3/
Proc N=1| At the 9th looking for 1001.04
Proc N=1| << at .//processor1/
 81% [|||||||||||||||||||||||||||||||||||||||||||||||||           ]Proc N=0| At the 9th looking for 1001.04
Proc N=0| << at .//processor0/
0 This should not be constant :1001.04
Proc N=2| At the 9th looking for 1001.04
Proc N=2| << at .//processor2/
Proc N=3| At the 10th looking for 1001.045
Proc N=3| << at .//processor3/
Proc N=1| At the 10th looking for 1001.045
Proc N=1| << at .//processor1/
 90% [||||||||||||||||||||||||||||||||||||||||||||||||||||||      ]Proc N=0| At the 10th looking for 1001.045
Proc N=0| << at .//processor0/
0 This should not be constant :1001.045
Proc N=2| At the 10th looking for 1001.045
Proc N=2| << at .//processor2/
100% [||||||||||||||||||||||||||||||||||||||||||||||||||||||||||||]
Adding the triangular block [0:9]x[0:9] to the covariance matrix
in dot_product_POD getMassmatrix
in dot_product, if L2
In getmassmatrix 1234
In nModes == 0
243.192 243.195 243.196 243.196 243.196 243.197 243.197 243.197 243.198 243.198
243.195 243.199 243.199 243.199   243.2   243.2   243.2 243.201 243.201 243.201
243.196 243.199 243.199   243.2   243.2   243.2 243.201 243.201 243.201 243.202
243.196 243.199   243.2   243.2   243.2 243.201 243.201 243.201 243.202 243.202
243.196   243.2   243.2   243.2 243.201 243.201 243.201 243.202 243.202 243.202
243.197   243.2   243.2 243.201 243.201 243.201 243.202 243.202 243.202 243.203
243.197   243.2 243.201 243.201 243.201 243.202 243.202 243.202 243.203 243.203
243.197 243.201 243.201 243.201 243.202 243.202 243.202 243.203 243.203 243.203
243.198 243.201 243.201 243.202 243.202 243.202 243.203 243.203 243.203 243.204
1020.31  1020.3  1020.3 1020.29 1020.28 1020.26 1020.25 1020.24 1020.22 1020.21
 1020.3  1020.3 1020.29 1020.28 1020.27 1020.26 1020.25 1020.24 1020.22 1020.21
 1020.3 1020.29 1020.28 1020.28 1020.27 1020.26 1020.25 1020.24 1020.23 1020.21
1020.29 1020.28 1020.28 1020.27 1020.27 1020.26 1020.25 1020.24 1020.23 1020.21
1020.28 1020.27 1020.27 1020.27 1020.26 1020.25 1020.25 1020.24 1020.23 1020.22
1020.26 1020.26 1020.26 1020.26 1020.25 1020.25 1020.24 1020.23 1020.22 1020.21
1020.25 1020.25 1020.25 1020.25 1020.25 1020.24 1020.24 1020.23 1020.22 1020.21
1020.24 1020.24 1020.24 1020.24 1020.24 1020.23 1020.23 1020.22 1020.22 1020.21
1020.22 1020.22 1020.23 1020.23 1020.23 1020.22 1020.22 1020.22 1020.21 1020.21
Computation passed
Reducing
 15.948 15.9522 15.9573 15.9624 15.9673 15.9722 15.9771 15.9818 15.9865 15.9911
15.9522 15.9565 15.9617 15.9668 15.9719 15.9769 15.9818 15.9866 15.9913  15.996
15.9573 15.9617  15.967 15.9722 15.9773 15.9824 15.9874 15.9923 15.9971 16.0019
15.9624 15.9668 15.9722 15.9775 15.9827 15.9878 15.9929 15.9979 16.0028 16.0076
15.9673 15.9719 15.9773 15.9827  15.988 15.9932 15.9983 16.0034 16.0084 16.0133
15.9722 15.9769 15.9824 15.9878 15.9932 15.9985 16.0037 16.0088 16.0139 16.0189
15.9771 15.9818 15.9874 15.9929 15.9983 16.0037  16.009 16.0142 16.0194 16.0244
15.9818 15.9866 15.9923 15.9979 16.0034 16.0088 16.0142 16.0195 16.0248 16.0299
15.9865 15.9913 15.9971 16.0028 16.0084 16.0139 16.0194 16.0248 16.0301 16.0353
7.10854 7.10906 7.10961 7.11014 7.11067 7.11119 7.11169 7.11219 7.11268 7.11315
7.10906  7.1096 7.11016 7.11071 7.11126 7.11179 7.11231 7.11283 7.11333 7.11383
7.10961 7.11016 7.11074 7.11131 7.11187 7.11242 7.11296 7.11349 7.11401 7.11453
7.11014 7.11071 7.11131  7.1119 7.11248 7.11304  7.1136 7.11415 7.11469 7.11522
7.11067 7.11126 7.11187 7.11248 7.11307 7.11366 7.11423  7.1148 7.11535  7.1159
7.11119 7.11179 7.11242 7.11304 7.11366 7.11426 7.11485 7.11543 7.11601 7.11657
7.11169 7.11231 7.11296  7.1136 7.11423 7.11485 7.11546 7.11606 7.11665 7.11723
7.11219 7.11283 7.11349 7.11415  7.1148 7.11543 7.11606 7.11668 7.11729 7.11788
7.11268 7.11333 7.11401 7.11469 7.11535 7.11601 7.11665 7.11729 7.11791 7.11853
15.9911  15.996 16.0019 16.0076 16.0133 16.0189 16.0244 16.0299 16.0353 16.04061Reduced
reduce passed

casenameData ".//processor0/"
l_startTime 1
i 1
q 10
######### 0 ####### Parallel Reading the Data for U #########
/home/fregnault/Code/ITHACA-FV/tutorials/CFD/01bisPODCompare
".//processor0/"
9 & 42
First and last snapshot number
9
12
243.198 243.201 243.202 243.202 243.202 243.203 243.203 243.203 243.204 243.2041Proc N=3| At the 11th looking for 1001.05
Proc N=3| << at .//processor3/
7.11315 7.11383 7.11453 7.11522  7.1159 7.11657 7.11723 7.11788 7.11853 7.119161Proc N=2| At the 11th looking for 1001.05
Proc N=2| << at .//processor2/
Proc N=0| At the 11th looking for 1001.05
Proc N=0| << at .//processor0/
0 This should not be constant :1001.05
1020.21 1020.21 1020.21 1020.21 1020.22 1020.21 1020.21 1020.21 1020.21  1020.21Proc N=1| At the 11th looking for 1001.05
Proc N=1| << at .//processor1/
Proc N=3| At the 12th looking for 1001.055
Proc N=3| << at .//processor3/
Proc N=1| At the 12th looking for 1001.055
Proc N=1| << at .//processor1/
 57% [||||||||||||||||||||||||||||||||||                          ]Proc N=0| At the 12th looking for 1001.055
Proc N=0| << at .//processor0/
0 This should not be constant :1001.055
Proc N=2| At the 12th looking for 1001.055
Proc N=2| << at .//processor2/
Proc N=1| At the 13th looking for 1001.06
Proc N=1| << at .//processor1/
Proc N=3| At the 13th looking for 1001.06
Proc N=3| << at .//processor3/
 61% [|||||||||||||||||||||||||||||||||||||                       ]Proc N=0| At the 13th looking for 1001.06
Proc N=0| << at .//processor0/
0 This should not be constant :1001.06
Proc N=2| At the 13th looking for 1001.06
Proc N=2| << at .//processor2/
Proc N=1| At the 14th looking for 1001.065
Proc N=1| << at .//processor1/
Proc N=3| At the 14th looking for 1001.065
Proc N=3| << at .//processor3/
 66% [||||||||||||||||||||||||||||||||||||||||                    ]Proc N=0| At the 14th looking for 1001.065
Proc N=0| << at .//processor0/
0 This should not be constant :1001.065
Proc N=2| At the 14th looking for 1001.065
Proc N=2| << at .//processor2/
Proc N=1| At the 15th looking for 1001.07
Proc N=1| << at .//processor1/
Proc N=3| At the 15th looking for 1001.07
Proc N=3| << at .//processor3/
 71% [||||||||||||||||||||||||||||||||||||||||||                  ]Proc N=0| At the 15th looking for 1001.07
Proc N=0| << at .//processor0/
0 This should not be constant :1001.07
Proc N=2| At the 15th looking for 1001.07
Proc N=2| << at .//processor2/
Proc N=1| At the 16th looking for 1001.075
Proc N=1| << at .//processor1/
Proc N=3| At the 16th looking for 1001.075
Proc N=3| << at .//processor3/
 76% [|||||||||||||||||||||||||||||||||||||||||||||               ]Proc N=0| At the 16th looking for 1001.075
Proc N=0| << at .//processor0/
0 This should not be constant :1001.075
Proc N=2| At the 16th looking for 1001.075
Proc N=2| << at .//processor2/
Proc N=1| At the 17th looking for 1001.08
Proc N=1| << at .//processor1/
Proc N=3| At the 17th looking for 1001.08
Proc N=3| << at .//processor3/
 80% [||||||||||||||||||||||||||||||||||||||||||||||||            ]Proc N=0| At the 17th looking for 1001.08
Proc N=0| << at .//processor0/
0 This should not be constant :1001.08
Proc N=2| At the 17th looking for 1001.08
Proc N=2| << at .//processor2/
Proc N=1| At the 18th looking for 1001.085
Proc N=1| << at .//processor1/
Proc N=3| At the 18th looking for 1001.085
Proc N=3| << at .//processor3/
 85% [|||||||||||||||||||||||||||||||||||||||||||||||||||         ]Proc N=0| At the 18th looking for 1001.085
Proc N=0| << at .//processor0/
0 This should not be constant :1001.085
Proc N=2| At the 18th looking for 1001.085
Proc N=2| << at .//processor2/
Proc N=1| At the 19th looking for 1001.09
Proc N=1| << at .//processor1/
Proc N=3| At the 19th looking for 1001.09
Proc N=3| << at .//processor3/
 90% [||||||||||||||||||||||||||||||||||||||||||||||||||||||      ]Proc N=0| At the 19th looking for 1001.09
Proc N=0| << at .//processor0/
0 This should not be constant :1001.09
Proc N=2| At the 19th looking for 1001.09
Proc N=2| << at .//processor2/
Proc N=1| At the 20th looking for 1001.095
Proc N=1| << at .//processor1/
Proc N=3| At the 20th looking for 1001.095
Proc N=3| << at .//processor3/
 95% [|||||||||||||||||||||||||||||||||||||||||||||||||||||||||   ]Proc N=0| At the 20th looking for 1001.095
Proc N=0| << at .//processor0/
0 This should not be constant :1001.095
Proc N=2| At the 20th looking for 1001.095
Proc N=2| << at .//processor2/
100% [||||||||||||||||||||||||||||||||||||||||||||||||||||||||||||]
Adding the triangular block [10:19]x[10:19] to the covariance matrix
in dot_product_POD getMassmatrix
in dot_product, if L2
In getmassmatrix 1234
In nModes == 0
1020.19 1020.18 1020.17 1020.16 1020.15 1020.14 1020.13 1020.11  1020.1 1020.08
1020.18 1020.18 1020.17 1020.16 1020.15 1020.14 1020.13 1020.12  1020.1 1020.09
1020.17 1020.17 1020.16 1020.16 1020.15 1020.14 1020.13 1020.12  1020.1 1020.09
1020.16 1020.16 1020.16 1020.15 1020.14 1020.14 1020.13 1020.12  1020.1 1020.09
1020.15 1020.15 1020.15 1020.14 1020.14 1020.13 1020.12 1020.11  1020.1 1020.09
1020.14 1020.14 1020.14 1020.14 1020.13 1020.13 1020.12 1020.11  1020.1 1020.09
1020.13 1020.13 1020.13 1020.13 1020.12 1020.12 1020.11 1020.11  1020.1 1020.09
1020.11 1020.12 1020.12 1020.12 1020.11 1020.11 1020.11  1020.1 1020.09 1020.09
 1020.1  1020.1  1020.1  1020.1  1020.1  1020.1  1020.1 1020.09 1020.09 1020.08
Computation passed
Reducing
16.0511 16.0564 16.0615 16.0666 16.0716 16.0766 16.0814 16.0862 16.0909 16.0955
16.0564 16.0617 16.0669 16.0721 16.0772 16.0822 16.0871  16.092 16.0968 16.1015
16.0615 16.0669 16.0722 16.0775 16.0826 16.0877 16.0927 16.0977 16.1025 16.1073
16.0666 16.0721 16.0775 16.0828  16.088 16.0932 16.0983 16.1033 16.1083 16.1131
16.0716 16.0772 16.0826  16.088 16.0934 16.0986 16.1038 16.1089 16.1139 16.1188
16.0766 16.0822 16.0877 16.0932 16.0986 16.1039 16.1092 16.1143 16.1194 16.1245
16.0814 16.0871 16.0927 16.0983 16.1038 16.1092 16.1145 16.1197 16.1249   16.13
16.0862  16.092 16.0977 16.1033 16.1089 16.1143 16.1197 16.1251 16.1303 16.1355
16.0909 16.0968 16.1025 16.1083 16.1139 16.1194 16.1249 16.1303 16.1356 16.1409
243.204 243.205 243.205 243.205 243.206 243.206 243.206 243.206 243.207 243.207
243.205 243.205 243.205 243.206 243.206 243.206 243.207 243.207 243.207 243.207
243.205 243.205 243.206 243.206 243.206 243.207 243.207 243.207 243.207 243.208
243.205 243.206 243.206 243.206 243.207 243.207 243.207 243.207 243.208 243.208
243.206 243.206 243.206 243.207 243.207 243.207 243.207 243.208 243.208 243.208
243.206 243.206 243.207 243.207 243.207 243.207 243.208 243.208 243.208 243.209
243.206 243.207 243.207 243.207 243.207 243.208 243.208 243.208 243.209 243.209
243.206 243.207 243.207 243.207 243.208 243.208 243.208 243.209 243.209 243.209
243.207 243.207 243.207 243.208 243.208 243.208 243.209 243.209 243.209 243.209
16.0955 16.1015 16.1073 16.1131 16.1188 16.1245   16.13 16.1355 16.1409 16.14621Reduced
reduce passed
7.12042 7.12105 7.12167 7.12228 7.12288 7.12347 7.12405 7.12462 7.12518 7.12572
7.12105  7.1217 7.12234 7.12297 7.12359 7.12419 7.12479 7.12537 7.12595 7.12651
7.12167 7.12234   7.123 7.12364 7.12428  7.1249 7.12551 7.12612 7.12671 7.12729
7.12228 7.12297 7.12364  7.1243 7.12496  7.1256 7.12623 7.12685 7.12746 7.12806
7.12288 7.12359 7.12428 7.12496 7.12563 7.12629 7.12694 7.12758  7.1282 7.12882
7.12347 7.12419  7.1249  7.1256 7.12629 7.12697 7.12763 7.12829 7.12893 7.12957
7.12405 7.12479 7.12551 7.12623 7.12694 7.12763 7.12832 7.12899 7.12966 7.13031
7.12462 7.12537 7.12612 7.12685 7.12758 7.12829 7.12899 7.12969 7.13037 7.13104
7.12518 7.12595 7.12671 7.12746  7.1282 7.12893 7.12966 7.13037 7.13107 7.13176

Entering 2nd read_fields with ".//processor0/"
######### 0 ####### Parallel Reading the Data for U #########
/home/fregnault/Code/ITHACA-FV/tutorials/CFD/01bisPODCompare
".//processor0/"
-1 & 42
First and last snapshot number
-1
12
243.207 243.207 243.208 243.208 243.208 243.209 243.209 243.209 243.209  243.211Proc N=3| At the 1th looking for 1001
Proc N=3| << at .//processor3/
7.12572 7.12651 7.12729 7.12806 7.12882 7.12957 7.13031 7.13104 7.13176 7.132461Proc N=2| At the 1th looking for 1001
Proc N=2| << at .//processor2/
Proc N=0| At the 1th looking for 1001
Proc N=0| << at .//processor0/
0 This should not be constant :1001
1020.08 1020.09 1020.09 1020.09 1020.09 1020.09 1020.09 1020.09 1020.08 1020.081Proc N=1| At the 1th looking for 1001
Proc N=1| << at .//processor1/
Proc N=3| At the 2th looking for 1001.005
Proc N=3| << at .//processor3/
Proc N=1| At the 2th looking for 1001.005
Proc N=1| << at .//processor1/
 18% [||||||||||                                                  ]Proc N=0| At the 2th looking for 1001.005
Proc N=0| << at .//processor0/
0 This should not be constant :1001.005
Proc N=2| At the 2th looking for 1001.005
Proc N=2| << at .//processor2/
Proc N=3| At the 3th looking for 1001.01
Proc N=3| << at .//processor3/
Proc N=1| At the 3th looking for 1001.01
Proc N=1| << at .//processor1/
Proc N=2| At the 3th looking for 1001.01
Proc N=2| << at .//processor2/
 27% [||||||||||||||||                                            ]Proc N=0| At the 3th looking for 1001.01
Proc N=0| << at .//processor0/
0 This should not be constant :1001.01
Proc N=1| At the 4th looking for 1001.015
Proc N=1| << at .//processor1/
Proc N=3| At the 4th looking for 1001.015
Proc N=3| << at .//processor3/
Proc N=2| At the 4th looking for 1001.015
Proc N=2| << at .//processor2/
 36% [|||||||||||||||||||||                                       ]Proc N=0| At the 4th looking for 1001.015
Proc N=0| << at .//processor0/
0 This should not be constant :1001.015
Proc N=1| At the 5th looking for 1001.02
Proc N=1| << at .//processor1/
Proc N=3| At the 5th looking for 1001.02
Proc N=3| << at .//processor3/
Proc N=2| At the 5th looking for 1001.02
Proc N=2| << at .//processor2/
 45% [|||||||||||||||||||||||||||                                 ]Proc N=0| At the 5th looking for 1001.02
Proc N=0| << at .//processor0/
0 This should not be constant :1001.02
Proc N=1| At the 6th looking for 1001.025
Proc N=1| << at .//processor1/
Proc N=3| At the 6th looking for 1001.025
Proc N=3| << at .//processor3/
Proc N=2| At the 6th looking for 1001.025
Proc N=2| << at .//processor2/
 54% [||||||||||||||||||||||||||||||||                            ]Proc N=0| At the 6th looking for 1001.025
Proc N=0| << at .//processor0/
0 This should not be constant :1001.025
Proc N=1| At the 7th looking for 1001.03
Proc N=1| << at .//processor1/
Proc N=3| At the 7th looking for 1001.03
Proc N=3| << at .//processor3/
Proc N=2| At the 7th looking for 1001.03
Proc N=2| << at .//processor2/
 63% [||||||||||||||||||||||||||||||||||||||                      ]Proc N=0| At the 7th looking for 1001.03
Proc N=0| << at .//processor0/
0 This should not be constant :1001.03
Proc N=1| At the 8th looking for 1001.035
Proc N=1| << at .//processor1/
Proc N=3| At the 8th looking for 1001.035
Proc N=3| << at .//processor3/
Proc N=2| At the 8th looking for 1001.035
Proc N=2| << at .//processor2/
 72% [|||||||||||||||||||||||||||||||||||||||||||                 ]Proc N=0| At the 8th looking for 1001.035
Proc N=0| << at .//processor0/
0 This should not be constant :1001.035
Proc N=1| At the 9th looking for 1001.04
Proc N=1| << at .//processor1/
Proc N=3| At the 9th looking for 1001.04
Proc N=3| << at .//processor3/
 81% [|||||||||||||||||||||||||||||||||||||||||||||||||           ]Proc N=0| At the 9th looking for 1001.04
Proc N=0| << at .//processor0/
0 This should not be constant :1001.04
Proc N=2| At the 9th looking for 1001.04
Proc N=2| << at .//processor2/
Proc N=1| At the 10th looking for 1001.045
Proc N=1| << at .//processor1/
Proc N=3| At the 10th looking for 1001.045
Proc N=3| << at .//processor3/
 90% [||||||||||||||||||||||||||||||||||||||||||||||||||||||      ]Proc N=0| At the 10th looking for 1001.045
Proc N=0| << at .//processor0/
0 This should not be constant :1001.045
Proc N=2| At the 10th looking for 1001.045
Proc N=2| << at .//processor2/
100% [||||||||||||||||||||||||||||||||||||||||||||||||||||||||||||]
Adding the square block [10:19]x[0:9] to the covariance matrix
in dot_product_POD getMassmatrix
in dot_product, if L2
In getmassmatrix 1234
In nModes == 0
1020.19 1020.19  1020.2  1020.2  1020.2  1020.2  1020.2  1020.2  1020.2 1020.19
1020.17 1020.18 1020.18 1020.19 1020.19 1020.19 1020.19 1020.19 1020.19 1020.19
1020.15 1020.16 1020.16 1020.17 1020.17 1020.18 1020.18 1020.18 1020.18 1020.18
1020.13 1020.14 1020.14 1020.15 1020.16 1020.16 1020.16 1020.17 1020.17 1020.17
1020.11 1020.12 1020.12 1020.13 1020.14 1020.14 1020.15 1020.15 1020.15 1020.15
1020.08 1020.09  1020.1 1020.11 1020.12 1020.13 1020.13 1020.14 1020.14 1020.14
1020.06 1020.07 1020.08 1020.09  1020.1 1020.11 1020.11 1020.12 1020.12 1020.13
1020.03 1020.05 1020.06 1020.07 1020.08 1020.09  1020.1  1020.1 1020.11 1020.11
1020.01 1020.02 1020.03 1020.05 1020.06 1020.07 1020.08 1020.08 1020.09  1020.1
243.198 243.201 243.202 243.202 243.203 243.203 243.203 243.203 243.204 243.204
243.199 243.202 243.202 243.202 243.203 243.203 243.203 243.204 243.204 243.204
243.199 243.202 243.202 243.203 243.203 243.203 243.204 243.204 243.204 243.205
243.199 243.202 243.203 243.203 243.203 243.204 243.204 243.204 243.205 243.205
243.199 243.203 243.203 243.203 243.204 243.204 243.204 243.205 243.205 243.205
  243.2 243.203 243.203 243.204 243.204 243.204 243.205 243.205 243.205 243.206
  243.2 243.203 243.204 243.204 243.204 243.205 243.205 243.205 243.206 243.206
  243.2 243.203 243.204 243.204 243.205 243.205 243.205 243.206 243.206 243.206
243.201 243.204 243.204 243.204 243.205 243.205 243.205 243.206 243.206 243.206
Computation passed
Reducing
15.9956 16.0006 16.0065 16.0124 16.0181 16.0238 16.0294  16.035 16.0404 16.0458
16.0001 16.0052 16.0112 16.0171 16.0229 16.0287 16.0344   16.04 16.0455  16.051
16.0045 16.0096 16.0157 16.0217 16.0276 16.0334 16.0392 16.0449 16.0505 16.0561
16.0088  16.014 16.0202 16.0262 16.0322 16.0381  16.044 16.0498 16.0555 16.0611
 16.013 16.0183 16.0245 16.0307 16.0368 16.0428 16.0487 16.0545 16.0603  16.066
16.0172 16.0226 16.0289 16.0351 16.0412 16.0473 16.0533 16.0592 16.0651 16.0709
16.0213 16.0267 16.0331 16.0394 16.0456 16.0518 16.0579 16.0639 16.0698 16.0756
16.0253 16.0308 16.0373 16.0436 16.0499 16.0562 16.0623 16.0684 16.0744 16.0803
16.0292 16.0348 16.0414 16.0478 16.0542 16.0605 16.0667 16.0729  16.079  16.085
7.11362 7.11431 7.11503 7.11573 7.11643 7.11712  7.1178 7.11847 7.11913 7.11978
7.11408 7.11478 7.11552 7.11624 7.11696 7.11767 7.11836 7.11905 7.11973  7.1204
7.11452 7.11525   7.116 7.11674 7.11747  7.1182 7.11891 7.11962 7.12031   7.121
7.11496  7.1157 7.11647 7.11723 7.11798 7.11872 7.11945 7.12017 7.12089 7.12159
7.11538 7.11614 7.11693  7.1177 7.11847 7.11923 7.11998 7.12072 7.12145 7.12217
 7.1158 7.11657 7.11738 7.11817 7.11896 7.11973  7.1205 7.12126 7.12201 7.12274
 7.1162 7.11699 7.11781 7.11863 7.11943 7.12022 7.12101 7.12178 7.12255  7.1233
7.11659  7.1174 7.11824 7.11907 7.11989  7.1207 7.12151  7.1223 7.12308 7.12385
7.11698  7.1178 7.11866 7.11951 7.12034 7.12117 7.12199  7.1228  7.1236 7.12439
16.0331 16.0388 16.0454 16.0519 16.0584 16.0647 16.0711 16.0773 16.0834 16.08951Reduced
reduce passed

casenameData ".//processor0/"
l_startTime 1
i 2
q 10
######### 0 ####### Parallel Reading the Data for U #########
/home/fregnault/Code/ITHACA-FV/tutorials/CFD/01bisPODCompare
".//processor0/"
7.11735 7.11819 7.11907 7.11993 7.12078 7.12163 7.12247 7.12329 7.12411 7.124921Proc N=2| At the 21th looking for 1001.1
Proc N=2| << at .//processor2/
19 & 42
First and last snapshot number
19
12
243.201 243.204 243.204 243.205 243.205 243.205 243.206 243.206 243.206 243.2071Proc N=3| At the 21th looking for 1001.1
Proc N=3| << at .//processor3/
Proc N=0| At the 21th looking for 1001.1
Proc N=0| << at .//processor0/
1019.98 1019.99 1020.01 1020.02 1020.03 1020.04 1020.05 1020.06 1020.07 1020.081Proc N=1| At the 21th looking for 1001.1
Proc N=1| << at .//processor1/
0 This should not be constant :1001.1
Proc N=3| At the 22th looking for 1001.105
Proc N=3| << at .//processor3/
 70% [||||||||||||||||||||||||||||||||||||||||||                  ]Proc N=0| At the 22th looking for 1001.105
Proc N=0| << at .//processor0/
0 This should not be constant :1001.105
Proc N=1| At the 22th looking for 1001.105
Proc N=1| << at .//processor1/
Proc N=2| At the 22th looking for 1001.105
Proc N=2| << at .//processor2/
Proc N=3| At the 23th looking for 1001.11
Proc N=3| << at .//processor3/
 74% [||||||||||||||||||||||||||||||||||||||||||||                ]Proc N=0| At the 23th looking for 1001.11
Proc N=0| << at .//processor0/
0 This should not be constant :1001.11
Proc N=2| At the 23th looking for 1001.11
Proc N=2| << at .//processor2/
Proc N=1| At the 23th looking for 1001.11
Proc N=1| << at .//processor1/
 77% [||||||||||||||||||||||||||||||||||||||||||||||              ]Proc N=0| At the 24th looking for 1001.115
Proc N=0| << at .//processor0/
0 This should not be constant :1001.115
Proc N=3| At the 24th looking for 1001.115
Proc N=3| << at .//processor3/
Proc N=1| At the 24th looking for 1001.115
Proc N=1| << at .//processor1/
Proc N=2| At the 24th looking for 1001.115
Proc N=2| << at .//processor2/
Proc N=3| At the 25th looking for 1001.12
Proc N=3| << at .//processor3/
 80% [||||||||||||||||||||||||||||||||||||||||||||||||            ]Proc N=0| At the 25th looking for 1001.12
Proc N=0| << at .//processor0/
0 This should not be constant :1001.12
Proc N=1| At the 25th looking for 1001.12
Proc N=1| << at .//processor1/
Proc N=2| At the 25th looking for 1001.12
Proc N=2| << at .//processor2/
Proc N=3| At the 26th looking for 1001.125
Proc N=3| << at .//processor3/
 83% [||||||||||||||||||||||||||||||||||||||||||||||||||          ]Proc N=0| At the 26th looking for 1001.125
Proc N=0| << at .//processor0/
0 This should not be constant :1001.125
Proc N=2| At the 26th looking for 1001.125
Proc N=2| << at .//processor2/
Proc N=1| At the 26th looking for 1001.125
Proc N=1| << at .//processor1/
Proc N=3| At the 27th looking for 1001.13
Proc N=3| << at .//processor3/
 87% [||||||||||||||||||||||||||||||||||||||||||||||||||||        ]Proc N=0| At the 27th looking for 1001.13
Proc N=0| << at .//processor0/
0 This should not be constant :1001.13
Proc N=2| At the 27th looking for 1001.13
Proc N=2| << at .//processor2/
Proc N=1| At the 27th looking for 1001.13
Proc N=1| << at .//processor1/
Proc N=3| At the 28th looking for 1001.135
Proc N=3| << at .//processor3/
 90% [||||||||||||||||||||||||||||||||||||||||||||||||||||||      ]Proc N=0| At the 28th looking for 1001.135
Proc N=0| << at .//processor0/
0 This should not be constant :1001.135
Proc N=2| At the 28th looking for 1001.135
Proc N=2| << at .//processor2/
Proc N=1| At the 28th looking for 1001.135
Proc N=1| << at .//processor1/
Proc N=3| At the 29th looking for 1001.14
Proc N=3| << at .//processor3/
 93% [||||||||||||||||||||||||||||||||||||||||||||||||||||||||    ]Proc N=0| At the 29th looking for 1001.14
Proc N=0| << at .//processor0/
0 This should not be constant :1001.14
Proc N=2| At the 29th looking for 1001.14
Proc N=2| << at .//processor2/
Proc N=1| At the 29th looking for 1001.14
Proc N=1| << at .//processor1/
Proc N=3| At the 30th looking for 1001.145
Proc N=3| << at .//processor3/
 96% [||||||||||||||||||||||||||||||||||||||||||||||||||||||||||  ]Proc N=0| At the 30th looking for 1001.145
Proc N=0| << at .//processor0/
0 This should not be constant :1001.145
Proc N=1| At the 30th looking for 1001.145
Proc N=1| << at .//processor1/
Proc N=2| At the 30th looking for 1001.145
Proc N=2| << at .//processor2/
100% [||||||||||||||||||||||||||||||||||||||||||||||||||||||||||||]
Adding the triangular block [20:29]x[20:29] to the covariance matrix
in dot_product_POD getMassmatrix
in dot_product, if L2
In getmassmatrix 1234
In nModes == 0
 243.21  243.21 243.211 243.211 243.211 243.212 243.212 243.212 243.212 243.212
 243.21 243.211 243.211 243.211 243.212 243.212 243.212 243.212 243.213 243.213
243.211 243.211 243.211 243.212 243.212 243.212 243.212 243.213 243.213 243.213
243.211 243.211 243.212 243.212 243.212 243.212 243.213 243.213 243.213 243.213
243.211 243.212 243.212 243.212 243.212 243.213 243.213 243.213 243.213 243.214
243.212 243.212 243.212 243.212 243.213 243.213 243.213 243.213 243.214 243.214
243.212 243.212 243.212 243.213 243.213 243.213 243.213 243.214 243.214 243.214
243.212 243.212 243.213 243.213 243.213 243.213 243.214 243.214 243.214 243.214
